,county_fips_code,mask_never,mask_rarely,mask_sometimes,mask_frequently,mask_always,mask_at_times
0,1001,0.053,0.074,0.134,0.295,0.444,0.422
1,1003,0.083,0.059,0.098,0.323,0.436,0.465
2,1005,0.067,0.121,0.12,0.201,0.491,0.389
3,1007,0.02,0.034,0.096,0.278,0.572,0.332
4,1009,0.053,0.114,0.18,0.194,0.459,0.361
5,1011,0.031,0.04,0.144,0.286,0.5,0.357
6,1013,0.102,0.053,0.257,0.137,0.451,0.292
7,1015,0.152,0.108,0.13,0.167,0.442,0.427
8,1017,0.117,0.037,0.15,0.136,0.56,0.29
9,1019,0.135,0.027,0.161,0.158,0.52,0.32
10,1021,0.06,0.07,0.058,0.194,0.618,0.324
11,1023,0.049,0.038,0.126,0.219,0.568,0.306
12,1025,0.049,0.088,0.164,0.268,0.43,0.405
13,1027,0.148,0.158,0.195,0.169,0.329,0.475
14,1029,0.151,0.125,0.138,0.217,0.368,0.493
15,1031,0.101,0.152,0.094,0.186,0.466,0.439
16,1033,0.082,0.096,0.152,0.159,0.51,0.337
17,1035,0.099,0.052,0.259,0.192,0.399,0.343
18,1037,0.055,0.131,0.167,0.263,0.384,0.449
19,1039,0.187,0.128,0.129,0.201,0.356,0.516
20,1041,0.06,0.091,0.199,0.233,0.416,0.384
21,1043,0.13,0.024,0.249,0.217,0.379,0.371
22,1045,0.089,0.113,0.118,0.22,0.46,0.422
23,1047,0.095,0.1,0.159,0.122,0.524,0.317
24,1049,0.084,0.051,0.106,0.179,0.58,0.314
25,1051,0.042,0.095,0.127,0.252,0.485,0.389
26,1053,0.114,0.026,0.188,0.285,0.387,0.425
27,1055,0.096,0.103,0.178,0.122,0.501,0.321
28,1057,0.138,0.048,0.151,0.233,0.429,0.419
29,1059,0.065,0.071,0.223,0.156,0.484,0.292
30,1061,0.176,0.131,0.089,0.158,0.445,0.465
31,1063,0.03,0.053,0.127,0.167,0.623,0.25
32,1065,0.026,0.061,0.084,0.191,0.639,0.278
33,1067,0.066,0.068,0.17,0.258,0.438,0.392
34,1069,0.085,0.079,0.135,0.268,0.433,0.432
35,1071,0.092,0.089,0.11,0.249,0.46,0.43
36,1073,0.049,0.037,0.107,0.179,0.628,0.265
37,1075,0.107,0.045,0.132,0.189,0.527,0.341
38,1077,0.093,0.119,0.141,0.179,0.469,0.391
39,1079,0.162,0.08,0.088,0.251,0.419,0.493
40,1081,0.053,0.064,0.138,0.183,0.562,0.3
41,1083,0.102,0.034,0.133,0.336,0.395,0.472
42,1085,0.12,0.073,0.145,0.199,0.464,0.392
43,1087,0.008,0.033,0.241,0.172,0.545,0.213
44,1089,0.062,0.05,0.123,0.177,0.589,0.289
45,1091,0.033,0.151,0.118,0.186,0.512,0.37
46,1093,0.129,0.064,0.246,0.207,0.353,0.4
47,1095,0.075,0.064,0.129,0.253,0.479,0.392
48,1097,0.077,0.07,0.102,0.244,0.506,0.391
49,1099,0.112,0.041,0.182,0.288,0.378,0.441
50,1101,0.056,0.095,0.123,0.212,0.513,0.363
51,1103,0.078,0.077,0.082,0.304,0.459,0.459
52,1105,0.025,0.084,0.087,0.187,0.618,0.296
53,1107,0.031,0.06,0.169,0.157,0.584,0.248
54,1109,0.06,0.131,0.145,0.333,0.33,0.524
55,1111,0.158,0.226,0.105,0.144,0.368,0.528
56,1113,0.069,0.067,0.08,0.213,0.57,0.349
57,1115,0.027,0.134,0.144,0.2,0.495,0.361
58,1117,0.022,0.075,0.118,0.24,0.545,0.337
59,1119,0.055,0.068,0.118,0.197,0.562,0.32
60,1121,0.113,0.15,0.208,0.169,0.361,0.432
61,1123,0.067,0.095,0.136,0.296,0.406,0.458
62,1125,0.041,0.036,0.144,0.247,0.532,0.324
63,1127,0.09,0.081,0.145,0.256,0.429,0.427
64,1129,0.018,0.077,0.102,0.307,0.495,0.402
65,1131,0.061,0.098,0.199,0.187,0.455,0.346
66,1133,0.13,0.046,0.328,0.183,0.312,0.359
67,2013,0.067,0.032,0.034,0.316,0.551,0.415
68,2016,0.078,0.031,0.03,0.337,0.524,0.446
69,2020,0.042,0.05,0.049,0.196,0.663,0.288
70,2050,0.101,0.022,0.014,0.45,0.413,0.569
71,2060,0.048,0.037,0.042,0.308,0.564,0.393
72,2068,0.062,0.081,0.067,0.225,0.565,0.368
73,2070,0.072,0.025,0.027,0.391,0.484,0.488
74,2090,0.094,0.084,0.175,0.234,0.413,0.412
75,2100,0.055,0.05,0.123,0.419,0.352,0.524
76,2105,0.051,0.064,0.13,0.399,0.356,0.514
77,2110,0.051,0.067,0.133,0.396,0.353,0.514
78,2122,0.043,0.047,0.051,0.197,0.662,0.287
79,2130,0.025,0.149,0.174,0.256,0.396,0.43
80,2150,0.042,0.043,0.049,0.233,0.633,0.318
81,2158,0.103,0.022,0.007,0.521,0.347,0.569
82,2164,0.055,0.036,0.04,0.299,0.571,0.39
83,2170,0.042,0.051,0.048,0.198,0.66,0.291
84,2180,0.086,0.061,0.009,0.544,0.3,0.569
85,2185,0.036,0.059,0.235,0.215,0.455,0.31
86,2188,0.035,0.188,0.051,0.474,0.252,0.569
87,2195,0.042,0.095,0.148,0.349,0.365,0.486
88,2198,0.033,0.125,0.161,0.3,0.38,0.458
89,2220,0.048,0.077,0.137,0.381,0.357,0.506
90,2230,0.058,0.038,0.116,0.435,0.354,0.531
91,2240,0.064,0.071,0.14,0.272,0.453,0.407
92,2261,0.04,0.049,0.052,0.197,0.663,0.286
93,2275,0.035,0.119,0.16,0.312,0.374,0.466
94,2282,0.047,0.012,0.078,0.381,0.481,0.44
95,2290,0.044,0.047,0.126,0.425,0.358,0.516
96,4001,0.055,0.063,0.031,0.15,0.701,0.268
97,4003,0.053,0.025,0.147,0.194,0.581,0.272
98,4005,0.039,0.08,0.07,0.11,0.702,0.229
99,4007,0.073,0.014,0.03,0.336,0.547,0.423
100,4009,0.095,0.067,0.237,0.049,0.553,0.211
101,4011,0.111,0.089,0.167,0.089,0.544,0.289
102,4012,0.031,0.064,0.162,0.173,0.57,0.268
103,4013,0.023,0.025,0.059,0.158,0.734,0.206
104,4015,0.051,0.096,0.104,0.164,0.585,0.311
105,4017,0.091,0.108,0.059,0.139,0.602,0.338
106,4019,0.023,0.024,0.073,0.121,0.759,0.168
107,4021,0.033,0.055,0.096,0.148,0.667,0.236
108,4023,0.028,0.002,0.058,0.074,0.837,0.104
109,4025,0.031,0.073,0.081,0.176,0.639,0.28
110,4027,0.008,0.013,0.046,0.129,0.804,0.15
111,5001,0.019,0.073,0.134,0.216,0.557,0.308
112,5003,0.023,0.103,0.163,0.117,0.595,0.243
113,5005,0.15,0.104,0.108,0.104,0.534,0.358
114,5007,0.081,0.034,0.083,0.16,0.643,0.275
115,5009,0.129,0.145,0.122,0.189,0.416,0.463
116,5011,0.094,0.102,0.175,0.184,0.445,0.38
117,5013,0.145,0.132,0.108,0.211,0.404,0.488
118,5015,0.111,0.068,0.115,0.129,0.577,0.308
119,5017,0.104,0.074,0.193,0.097,0.531,0.275
120,5019,0.08,0.091,0.08,0.231,0.518,0.402
121,5021,0.082,0.124,0.157,0.242,0.395,0.448
122,5023,0.036,0.065,0.093,0.259,0.546,0.36
123,5025,0.107,0.03,0.16,0.231,0.472,0.368
124,5027,0.241,0.072,0.054,0.25,0.383,0.563
125,5029,0.071,0.12,0.137,0.347,0.325,0.538
126,5031,0.078,0.123,0.138,0.341,0.32,0.542
127,5033,0.155,0.1,0.167,0.211,0.367,0.466
128,5035,0.059,0.017,0.11,0.306,0.508,0.382
129,5037,0.097,0.017,0.163,0.319,0.404,0.433
130,5039,0.197,0.055,0.093,0.196,0.459,0.448
131,5041,0.078,0.033,0.19,0.189,0.509,0.3
132,5043,0.063,0.049,0.207,0.159,0.523,0.271
133,5045,0.066,0.027,0.077,0.403,0.426,0.496
134,5047,0.149,0.079,0.245,0.187,0.34,0.415
135,5049,0.105,0.121,0.226,0.197,0.351,0.423
136,5051,0.025,0.102,0.068,0.21,0.596,0.337
137,5053,0.082,0.043,0.127,0.258,0.489,0.383
138,5055,0.062,0.141,0.154,0.346,0.297,0.549
139,5057,0.098,0.073,0.096,0.179,0.554,0.35
140,5059,0.059,0.086,0.079,0.216,0.56,0.361
141,5061,0.081,0.07,0.145,0.145,0.56,0.296
142,5063,0.137,0.156,0.088,0.179,0.44,0.472
143,5065,0.086,0.121,0.133,0.23,0.43,0.437
144,5067,0.116,0.103,0.135,0.179,0.468,0.398
145,5069,0.042,0.036,0.172,0.173,0.577,0.251
146,5071,0.144,0.103,0.205,0.221,0.328,0.468
147,5073,0.12,0.082,0.078,0.234,0.486,0.436
148,5075,0.085,0.128,0.153,0.298,0.337,0.511
149,5077,0.103,0.032,0.195,0.263,0.407,0.398
150,5079,0.035,0.016,0.194,0.201,0.554,0.252
151,5081,0.074,0.121,0.106,0.201,0.499,0.396
152,5083,0.148,0.11,0.12,0.143,0.479,0.401
153,5085,0.048,0.045,0.136,0.297,0.474,0.39
154,5087,0.075,0.088,0.159,0.114,0.564,0.277
155,5089,0.171,0.112,0.119,0.108,0.49,0.391
156,5091,0.064,0.124,0.106,0.219,0.487,0.407
157,5093,0.033,0.109,0.134,0.284,0.44,0.426
158,5095,0.068,0.128,0.127,0.271,0.406,0.467
159,5097,0.081,0.095,0.136,0.166,0.521,0.342
160,5099,0.143,0.048,0.084,0.224,0.501,0.415
161,5101,0.107,0.14,0.084,0.261,0.408,0.508
162,5103,0.151,0.097,0.06,0.242,0.449,0.49
163,5105,0.098,0.051,0.08,0.367,0.404,0.516
164,5107,0.052,0.061,0.134,0.276,0.477,0.389
165,5109,0.064,0.061,0.2,0.176,0.501,0.301
166,5111,0.077,0.098,0.141,0.287,0.397,0.462
167,5113,0.18,0.08,0.217,0.076,0.446,0.336
168,5115,0.082,0.151,0.181,0.285,0.302,0.518
169,5117,0.062,0.17,0.103,0.273,0.391,0.505
170,5119,0.028,0.027,0.126,0.175,0.644,0.23
171,5121,0.051,0.145,0.203,0.289,0.311,0.485
172,5123,0.087,0.007,0.289,0.267,0.35,0.361
173,5125,0.066,0.044,0.154,0.212,0.524,0.322
174,5127,0.155,0.14,0.124,0.123,0.458,0.418
175,5129,0.1,0.088,0.125,0.149,0.538,0.337
176,5131,0.121,0.142,0.157,0.208,0.372,0.471
177,5133,0.12,0.093,0.155,0.165,0.467,0.378
178,5135,0.067,0.158,0.22,0.222,0.333,0.447
179,5137,0.067,0.092,0.11,0.234,0.498,0.393
180,5139,0.116,0.179,0.098,0.262,0.344,0.557
181,5141,0.033,0.06,0.096,0.272,0.539,0.365
182,5143,0.034,0.028,0.101,0.186,0.651,0.248
183,5145,0.026,0.054,0.152,0.277,0.491,0.357
184,5147,0.059,0.048,0.208,0.231,0.454,0.338
185,5149,0.116,0.1,0.112,0.198,0.474,0.414
186,6001,0.019,0.008,0.055,0.123,0.795,0.15
187,6003,0.025,0.085,0.088,0.19,0.612,0.3
188,6005,0.045,0.013,0.099,0.188,0.655,0.246
189,6007,0.015,0.043,0.111,0.204,0.626,0.262
190,6009,0.045,0.019,0.098,0.276,0.562,0.34
191,6011,0.027,0.031,0.092,0.151,0.7,0.209
192,6013,0.018,0.016,0.039,0.121,0.806,0.155
193,6015,0.01,0.135,0.112,0.196,0.547,0.341
194,6017,0.028,0.042,0.072,0.183,0.675,0.253
195,6019,0.021,0.022,0.059,0.156,0.741,0.199
196,6021,0.028,0.026,0.146,0.206,0.594,0.26
197,6023,0.042,0.006,0.018,0.069,0.865,0.117
198,6025,0.001,0.005,0.03,0.128,0.836,0.134
199,6027,0.033,0.011,0.008,0.058,0.889,0.102
200,6029,0.022,0.028,0.105,0.177,0.668,0.227
201,6031,0.075,0.016,0.049,0.094,0.766,0.185
202,6033,0.003,0.004,0.007,0.136,0.849,0.143
203,6035,0.064,0.068,0.162,0.225,0.482,0.357
204,6037,0.021,0.013,0.049,0.131,0.786,0.165
205,6039,0.019,0.059,0.048,0.124,0.751,0.202
206,6041,0.011,0.0,0.046,0.141,0.802,0.152
207,6043,0.01,0.094,0.049,0.186,0.661,0.29
208,6045,0.002,0.003,0.004,0.222,0.77,0.227
209,6047,0.026,0.036,0.089,0.146,0.703,0.208
210,6049,0.068,0.019,0.095,0.204,0.615,0.291
211,6051,0.011,0.026,0.012,0.07,0.88,0.107
212,6053,0.023,0.006,0.066,0.141,0.763,0.17
213,6055,0.017,0.026,0.033,0.149,0.773,0.192
214,6057,0.003,0.054,0.084,0.177,0.682,0.234
215,6059,0.023,0.021,0.046,0.156,0.754,0.2
216,6061,0.012,0.023,0.072,0.201,0.693,0.236
217,6063,0.063,0.067,0.053,0.146,0.671,0.276
218,6065,0.026,0.014,0.041,0.116,0.803,0.156
219,6067,0.025,0.028,0.062,0.164,0.722,0.217
220,6069,0.018,0.004,0.063,0.175,0.739,0.197
221,6071,0.027,0.022,0.048,0.134,0.768,0.183
222,6073,0.017,0.023,0.034,0.126,0.8,0.166
223,6075,0.017,0.011,0.035,0.121,0.817,0.149
224,6077,0.054,0.019,0.081,0.165,0.68,0.238
225,6079,0.025,0.024,0.037,0.169,0.745,0.218
226,6081,0.016,0.013,0.058,0.126,0.786,0.155
227,6083,0.015,0.02,0.075,0.153,0.737,0.188
228,6085,0.015,0.014,0.04,0.168,0.764,0.197
229,6087,0.008,0.0,0.086,0.109,0.797,0.117
230,6089,0.095,0.056,0.071,0.232,0.547,0.383
231,6091,0.14,0.053,0.047,0.143,0.617,0.336
232,6093,0.132,0.074,0.082,0.167,0.546,0.373
233,6095,0.043,0.046,0.035,0.148,0.728,0.237
234,6097,0.022,0.012,0.022,0.149,0.795,0.183
235,6099,0.032,0.028,0.062,0.173,0.705,0.233
236,6101,0.058,0.031,0.08,0.163,0.669,0.252
237,6103,0.057,0.062,0.141,0.195,0.545,0.314
238,6105,0.081,0.07,0.055,0.201,0.592,0.352
239,6107,0.025,0.039,0.115,0.136,0.685,0.2
240,6109,0.008,0.043,0.084,0.212,0.653,0.263
241,6111,0.024,0.011,0.033,0.156,0.777,0.191
242,6113,0.007,0.005,0.04,0.156,0.791,0.168
243,6115,0.057,0.035,0.071,0.167,0.669,0.259
244,8001,0.032,0.027,0.071,0.185,0.685,0.244
245,8003,0.052,0.133,0.094,0.228,0.493,0.413
246,8005,0.013,0.026,0.065,0.193,0.703,0.232
247,8007,0.041,0.041,0.155,0.276,0.488,0.358
248,8009,0.113,0.053,0.194,0.206,0.435,0.372
249,8011,0.033,0.036,0.172,0.191,0.567,0.26
250,8013,0.008,0.015,0.032,0.195,0.75,0.218
251,8014,0.018,0.005,0.042,0.201,0.734,0.224
252,8015,0.038,0.045,0.134,0.138,0.645,0.221
253,8017,0.016,0.187,0.106,0.398,0.292,0.569
254,8019,0.002,0.015,0.138,0.123,0.723,0.14
255,8021,0.06,0.106,0.093,0.195,0.545,0.361
256,8023,0.034,0.072,0.076,0.175,0.644,0.281
257,8025,0.002,0.034,0.08,0.294,0.59,0.33
258,8027,0.017,0.098,0.153,0.234,0.498,0.349
259,8029,0.087,0.094,0.074,0.295,0.45,0.476
260,8031,0.02,0.018,0.062,0.194,0.707,0.232
261,8033,0.052,0.039,0.066,0.252,0.591,0.343
262,8035,0.013,0.041,0.081,0.192,0.673,0.246
263,8037,0.008,0.003,0.033,0.269,0.687,0.28
264,8039,0.016,0.044,0.19,0.246,0.505,0.306
265,8041,0.031,0.089,0.081,0.196,0.603,0.316
266,8043,0.006,0.069,0.062,0.2,0.663,0.275
267,8045,0.065,0.04,0.037,0.326,0.532,0.431
268,8047,0.001,0.027,0.017,0.17,0.785,0.198
269,8049,0.006,0.002,0.05,0.187,0.754,0.195
270,8051,0.057,0.039,0.043,0.281,0.581,0.377
271,8053,0.043,0.05,0.117,0.271,0.519,0.364
272,8055,0.028,0.051,0.051,0.275,0.595,0.354
273,8057,0.021,0.027,0.09,0.342,0.52,0.39
274,8059,0.028,0.031,0.075,0.194,0.673,0.253
275,8061,0.028,0.051,0.159,0.27,0.492,0.349
276,8063,0.024,0.323,0.119,0.344,0.19,0.569
277,8065,0.002,0.016,0.036,0.193,0.753,0.211
278,8067,0.043,0.02,0.122,0.274,0.541,0.337
279,8069,0.013,0.037,0.06,0.231,0.659,0.281
280,8071,0.052,0.03,0.101,0.17,0.648,0.252
281,8073,0.013,0.068,0.196,0.403,0.321,0.484
282,8075,0.078,0.202,0.101,0.368,0.251,0.569
283,8077,0.075,0.105,0.098,0.222,0.499,0.402
284,8079,0.049,0.072,0.138,0.264,0.478,0.385
285,8081,0.041,0.142,0.162,0.284,0.371,0.467
286,8083,0.057,0.019,0.081,0.257,0.586,0.333
287,8085,0.085,0.092,0.074,0.314,0.436,0.491
288,8087,0.083,0.161,0.116,0.245,0.396,0.489
289,8089,0.004,0.047,0.102,0.194,0.653,0.245
290,8091,0.06,0.08,0.069,0.295,0.495,0.435
291,8093,0.021,0.018,0.103,0.137,0.722,0.176
292,8095,0.05,0.19,0.137,0.255,0.368,0.495
293,8097,0.019,0.014,0.016,0.318,0.633,0.351
294,8099,0.079,0.046,0.205,0.201,0.469,0.326
295,8101,0.018,0.044,0.074,0.28,0.584,0.342
296,8103,0.111,0.092,0.074,0.265,0.458,0.468
297,8105,0.061,0.144,0.11,0.242,0.444,0.447
298,8107,0.008,0.036,0.092,0.375,0.489,0.419
299,8109,0.065,0.122,0.138,0.232,0.443,0.419
300,8111,0.032,0.038,0.097,0.27,0.563,0.34
301,8113,0.043,0.058,0.074,0.26,0.565,0.361
302,8115,0.065,0.162,0.138,0.267,0.368,0.494
303,8117,0.0,0.001,0.064,0.151,0.784,0.152
304,8119,0.105,0.087,0.066,0.145,0.597,0.337
305,8121,0.077,0.208,0.101,0.303,0.31,0.569
306,8123,0.046,0.038,0.135,0.231,0.55,0.315
307,8125,0.038,0.284,0.133,0.255,0.29,0.569
308,9001,0.027,0.019,0.06,0.114,0.78,0.16
309,9003,0.015,0.023,0.065,0.13,0.767,0.168
310,9005,0.017,0.051,0.021,0.098,0.812,0.166
311,9007,0.003,0.007,0.055,0.128,0.807,0.138
312,9009,0.023,0.014,0.053,0.115,0.795,0.152
313,9011,0.025,0.021,0.066,0.142,0.747,0.188
314,9013,0.008,0.008,0.027,0.147,0.81,0.163
315,9015,0.022,0.041,0.082,0.137,0.718,0.2
316,10001,0.026,0.006,0.106,0.051,0.811,0.083
317,10003,0.027,0.013,0.041,0.133,0.786,0.173
318,10005,0.005,0.001,0.035,0.103,0.856,0.109
319,11001,0.012,0.013,0.069,0.164,0.743,0.189
320,12001,0.001,0.024,0.053,0.17,0.751,0.195
321,12003,0.087,0.076,0.18,0.215,0.442,0.378
322,12005,0.065,0.109,0.076,0.202,0.548,0.376
323,12007,0.106,0.168,0.172,0.173,0.381,0.447
324,12009,0.068,0.073,0.096,0.157,0.607,0.298
325,12011,0.026,0.023,0.043,0.117,0.791,0.166
326,12013,0.034,0.055,0.138,0.267,0.507,0.356
327,12015,0.051,0.049,0.101,0.158,0.64,0.258
328,12017,0.09,0.036,0.087,0.178,0.609,0.304
329,12019,0.055,0.067,0.15,0.209,0.52,0.331
330,12021,0.04,0.023,0.067,0.212,0.658,0.275
331,12023,0.047,0.026,0.288,0.254,0.385,0.327
332,12027,0.023,0.064,0.056,0.142,0.715,0.229
333,12029,0.071,0.095,0.119,0.318,0.397,0.484
334,12031,0.049,0.042,0.086,0.194,0.629,0.285
335,12033,0.019,0.052,0.095,0.31,0.524,0.381
336,12035,0.079,0.05,0.113,0.157,0.602,0.286
337,12037,0.022,0.101,0.237,0.228,0.412,0.351
338,12039,0.06,0.033,0.104,0.227,0.575,0.32
339,12041,0.016,0.151,0.069,0.324,0.44,0.491
340,12043,0.047,0.082,0.098,0.096,0.677,0.225
341,12045,0.046,0.125,0.12,0.249,0.46,0.42
342,12047,0.101,0.071,0.235,0.227,0.365,0.399
343,12049,0.114,0.041,0.179,0.186,0.48,0.341
344,12051,0.046,0.042,0.112,0.15,0.65,0.238
345,12053,0.09,0.04,0.091,0.19,0.589,0.32
346,12055,0.025,0.056,0.145,0.138,0.635,0.219
347,12057,0.023,0.031,0.069,0.155,0.722,0.209
348,12059,0.17,0.077,0.081,0.111,0.562,0.358
349,12061,0.054,0.065,0.082,0.193,0.607,0.312
350,12063,0.064,0.108,0.129,0.174,0.526,0.346
351,12065,0.019,0.017,0.099,0.183,0.682,0.219
352,12067,0.102,0.081,0.22,0.208,0.389,0.391
353,12069,0.047,0.062,0.074,0.185,0.632,0.294
354,12071,0.052,0.05,0.073,0.176,0.648,0.278
355,12073,0.051,0.022,0.071,0.156,0.7,0.229
356,12075,0.017,0.132,0.072,0.187,0.592,0.336
357,12077,0.022,0.023,0.205,0.268,0.482,0.313
358,12079,0.164,0.085,0.148,0.264,0.34,0.513
359,12081,0.074,0.037,0.062,0.201,0.626,0.312
360,12083,0.046,0.087,0.121,0.203,0.543,0.336
361,12085,0.027,0.018,0.066,0.169,0.719,0.214
362,12086,0.032,0.023,0.06,0.128,0.756,0.183
363,12087,0.007,0.001,0.014,0.159,0.819,0.167
364,12089,0.09,0.07,0.147,0.223,0.47,0.383
365,12091,0.091,0.083,0.147,0.21,0.469,0.384
366,12093,0.016,0.034,0.064,0.171,0.715,0.221
367,12095,0.02,0.02,0.072,0.164,0.724,0.204
368,12097,0.025,0.022,0.058,0.176,0.72,0.223
369,12099,0.03,0.02,0.05,0.116,0.784,0.166
370,12101,0.027,0.029,0.055,0.179,0.709,0.235
371,12103,0.025,0.019,0.074,0.133,0.75,0.177
372,12105,0.05,0.063,0.085,0.172,0.63,0.285
373,12107,0.068,0.05,0.114,0.186,0.581,0.304
374,12109,0.047,0.071,0.097,0.223,0.561,0.341
375,12111,0.077,0.022,0.08,0.173,0.648,0.272
376,12113,0.047,0.068,0.166,0.265,0.453,0.38
377,12115,0.017,0.031,0.073,0.175,0.704,0.223
378,12117,0.037,0.039,0.066,0.141,0.717,0.217
379,12119,0.037,0.036,0.064,0.235,0.628,0.308
380,12121,0.105,0.055,0.244,0.227,0.369,0.387
381,12123,0.103,0.086,0.19,0.145,0.476,0.334
382,12125,0.044,0.04,0.176,0.267,0.473,0.351
383,12127,0.035,0.066,0.089,0.192,0.618,0.293
384,12129,0.032,0.092,0.172,0.275,0.429,0.399
385,12131,0.092,0.06,0.092,0.244,0.512,0.396
386,12133,0.138,0.085,0.062,0.158,0.557,0.381
387,13001,0.085,0.117,0.23,0.152,0.416,0.354
388,13003,0.059,0.1,0.179,0.217,0.445,0.376
389,13005,0.071,0.132,0.187,0.188,0.421,0.391
390,13007,0.027,0.048,0.054,0.127,0.743,0.202
391,13009,0.02,0.089,0.107,0.29,0.494,0.399
392,13011,0.136,0.103,0.125,0.238,0.399,0.477
393,13013,0.063,0.086,0.092,0.19,0.568,0.339
394,13015,0.215,0.05,0.123,0.143,0.47,0.408
395,13017,0.129,0.078,0.109,0.202,0.483,0.409
396,13019,0.073,0.098,0.156,0.214,0.46,0.385
397,13021,0.043,0.094,0.176,0.201,0.487,0.338
398,13023,0.089,0.031,0.117,0.256,0.508,0.376
399,13025,0.047,0.129,0.15,0.164,0.51,0.34
400,13027,0.092,0.165,0.124,0.235,0.385,0.492
401,13029,0.033,0.039,0.095,0.238,0.595,0.31
402,13031,0.053,0.049,0.163,0.31,0.424,0.412
403,13033,0.105,0.109,0.087,0.208,0.492,0.422
404,13035,0.125,0.037,0.144,0.163,0.53,0.325
405,13037,0.013,0.035,0.043,0.172,0.737,0.22
406,13039,0.136,0.125,0.17,0.113,0.456,0.374
407,13043,0.037,0.045,0.177,0.264,0.477,0.346
408,13045,0.089,0.133,0.154,0.168,0.457,0.39
409,13047,0.143,0.152,0.114,0.217,0.375,0.512
410,13049,0.065,0.094,0.15,0.196,0.495,0.355
411,13051,0.035,0.04,0.144,0.158,0.624,0.233
412,13053,0.061,0.072,0.108,0.214,0.545,0.347
413,13055,0.116,0.102,0.187,0.143,0.451,0.361
414,13057,0.049,0.054,0.1,0.213,0.584,0.316
415,13059,0.054,0.057,0.06,0.226,0.603,0.337
416,13061,0.028,0.066,0.12,0.223,0.562,0.317
417,13063,0.038,0.054,0.125,0.159,0.624,0.251
418,13065,0.06,0.058,0.134,0.168,0.58,0.286
419,13067,0.039,0.049,0.116,0.225,0.572,0.313
420,13069,0.085,0.124,0.164,0.222,0.404,0.431
421,13071,0.108,0.191,0.074,0.233,0.394,0.532
422,13073,0.061,0.064,0.095,0.234,0.547,0.359
423,13075,0.098,0.134,0.123,0.203,0.441,0.435
424,13077,0.105,0.053,0.183,0.204,0.455,0.362
425,13079,0.057,0.051,0.231,0.192,0.468,0.3
426,13081,0.119,0.023,0.06,0.163,0.635,0.305
427,13083,0.128,0.222,0.13,0.249,0.27,0.569
428,13085,0.049,0.09,0.128,0.162,0.571,0.301
429,13087,0.093,0.04,0.171,0.18,0.516,0.313
430,13089,0.036,0.028,0.075,0.156,0.704,0.22
431,13091,0.145,0.025,0.15,0.236,0.443,0.406
432,13093,0.077,0.034,0.058,0.204,0.627,0.315
433,13095,0.033,0.037,0.045,0.159,0.726,0.229
434,13097,0.083,0.037,0.09,0.198,0.591,0.318
435,13099,0.045,0.062,0.156,0.253,0.485,0.36
436,13101,0.097,0.073,0.182,0.202,0.446,0.372
437,13103,0.044,0.064,0.145,0.272,0.475,0.38
438,13105,0.132,0.177,0.081,0.107,0.503,0.416
439,13107,0.062,0.044,0.142,0.252,0.5,0.358
440,13109,0.03,0.078,0.229,0.29,0.372,0.398
441,13111,0.075,0.088,0.125,0.112,0.6,0.275
442,13113,0.06,0.086,0.131,0.218,0.505,0.364
443,13115,0.186,0.036,0.234,0.148,0.395,0.37
444,13117,0.035,0.048,0.083,0.193,0.641,0.276
445,13119,0.168,0.074,0.117,0.215,0.425,0.457
446,13121,0.026,0.036,0.089,0.187,0.662,0.249
447,13123,0.128,0.042,0.087,0.198,0.545,0.368
448,13125,0.156,0.066,0.107,0.13,0.541,0.352
449,13127,0.048,0.071,0.145,0.251,0.485,0.37
450,13129,0.172,0.1,0.201,0.157,0.369,0.429
451,13131,0.063,0.139,0.116,0.264,0.417,0.466
452,13133,0.062,0.046,0.057,0.176,0.658,0.284
453,13135,0.036,0.054,0.081,0.19,0.639,0.28
454,13137,0.063,0.1,0.116,0.292,0.43,0.455
455,13139,0.061,0.069,0.128,0.198,0.545,0.328
456,13141,0.043,0.111,0.102,0.168,0.575,0.322
457,13143,0.184,0.123,0.165,0.184,0.345,0.491
458,13145,0.093,0.081,0.061,0.213,0.551,0.387
459,13147,0.092,0.061,0.14,0.207,0.5,0.36
460,13149,0.126,0.094,0.166,0.144,0.471,0.364
461,13151,0.103,0.048,0.091,0.181,0.578,0.332
462,13153,0.032,0.079,0.136,0.172,0.581,0.283
463,13155,0.098,0.091,0.126,0.224,0.46,0.413
464,13157,0.125,0.085,0.117,0.24,0.434,0.45
465,13159,0.082,0.059,0.181,0.118,0.56,0.259
466,13161,0.124,0.138,0.165,0.183,0.39,0.445
467,13163,0.251,0.055,0.099,0.102,0.493,0.408
468,13165,0.114,0.053,0.084,0.261,0.488,0.428
469,13167,0.119,0.053,0.109,0.251,0.468,0.423
470,13169,0.049,0.087,0.226,0.209,0.43,0.345
471,13171,0.07,0.06,0.171,0.293,0.406,0.423
472,13173,0.102,0.07,0.145,0.181,0.502,0.353
473,13175,0.122,0.056,0.141,0.291,0.391,0.469
474,13177,0.035,0.033,0.039,0.162,0.732,0.23
475,13179,0.007,0.099,0.066,0.215,0.614,0.321
476,13181,0.073,0.104,0.111,0.233,0.479,0.41
477,13183,0.014,0.119,0.086,0.159,0.621,0.292
478,13185,0.108,0.101,0.149,0.208,0.435,0.417
479,13187,0.035,0.086,0.13,0.245,0.504,0.366
480,13189,0.072,0.053,0.123,0.265,0.488,0.39
481,13191,0.034,0.076,0.188,0.221,0.481,0.331
482,13193,0.078,0.049,0.113,0.21,0.55,0.337
483,13195,0.165,0.084,0.055,0.186,0.511,0.435
484,13197,0.084,0.12,0.167,0.196,0.433,0.4
485,13199,0.109,0.086,0.138,0.15,0.517,0.345
486,13201,0.064,0.056,0.182,0.159,0.539,0.279
487,13205,0.044,0.112,0.055,0.159,0.63,0.315
488,13207,0.072,0.035,0.184,0.253,0.455,0.36
489,13209,0.114,0.083,0.174,0.228,0.401,0.425
490,13211,0.061,0.064,0.093,0.168,0.614,0.293
491,13213,0.193,0.03,0.182,0.177,0.417,0.4
492,13215,0.063,0.073,0.083,0.225,0.555,0.361
493,13217,0.094,0.076,0.123,0.207,0.5,0.377
494,13219,0.049,0.063,0.095,0.181,0.611,0.293
495,13221,0.056,0.082,0.054,0.181,0.627,0.319
496,13223,0.097,0.068,0.108,0.233,0.494,0.398
497,13225,0.027,0.074,0.172,0.16,0.567,0.261
498,13227,0.038,0.118,0.101,0.188,0.555,0.344
499,13229,0.05,0.143,0.127,0.157,0.522,0.35
500,13231,0.059,0.06,0.147,0.192,0.542,0.311
501,13233,0.106,0.071,0.192,0.145,0.485,0.322
502,13235,0.079,0.031,0.098,0.218,0.575,0.328
503,13237,0.059,0.093,0.118,0.214,0.516,0.366
504,13239,0.053,0.15,0.095,0.163,0.538,0.366
505,13241,0.1,0.083,0.124,0.229,0.464,0.412
506,13243,0.016,0.065,0.05,0.2,0.669,0.281
507,13245,0.068,0.059,0.114,0.18,0.578,0.307
508,13247,0.058,0.078,0.115,0.216,0.534,0.352
509,13249,0.07,0.102,0.117,0.214,0.497,0.386
510,13251,0.198,0.069,0.081,0.242,0.41,0.509
511,13253,0.073,0.079,0.202,0.135,0.51,0.287
512,13255,0.072,0.038,0.179,0.202,0.509,0.312
513,13257,0.087,0.116,0.116,0.31,0.37,0.513
514,13259,0.055,0.092,0.133,0.203,0.517,0.35
515,13261,0.055,0.056,0.046,0.202,0.641,0.313
516,13263,0.168,0.08,0.089,0.171,0.492,0.419
517,13265,0.065,0.048,0.086,0.158,0.644,0.271
518,13267,0.051,0.076,0.214,0.224,0.434,0.351
519,13269,0.126,0.069,0.182,0.201,0.422,0.396
520,13271,0.156,0.075,0.134,0.208,0.427,0.439
521,13273,0.019,0.029,0.03,0.167,0.755,0.215
522,13275,0.026,0.096,0.12,0.228,0.53,0.35
523,13277,0.066,0.088,0.122,0.227,0.496,0.381
524,13279,0.097,0.069,0.179,0.226,0.429,0.392
525,13281,0.076,0.096,0.098,0.199,0.531,0.371
526,13283,0.096,0.07,0.168,0.267,0.399,0.433
527,13285,0.175,0.031,0.119,0.178,0.497,0.384
528,13287,0.141,0.042,0.094,0.175,0.547,0.358
529,13289,0.04,0.077,0.188,0.148,0.547,0.265
530,13291,0.065,0.119,0.087,0.168,0.56,0.352
531,13293,0.16,0.1,0.114,0.206,0.421,0.466
532,13295,0.144,0.164,0.117,0.21,0.366,0.518
533,13297,0.106,0.127,0.184,0.141,0.442,0.374
534,13299,0.061,0.108,0.109,0.166,0.556,0.335
535,13301,0.095,0.065,0.14,0.226,0.474,0.386
536,13303,0.104,0.07,0.053,0.157,0.617,0.331
537,13305,0.029,0.139,0.143,0.139,0.55,0.307
538,13307,0.019,0.064,0.103,0.21,0.603,0.293
539,13309,0.135,0.078,0.162,0.23,0.395,0.443
540,13311,0.057,0.064,0.099,0.347,0.433,0.468
541,13313,0.185,0.068,0.203,0.142,0.403,0.395
542,13315,0.173,0.017,0.083,0.157,0.569,0.347
543,13317,0.08,0.086,0.114,0.172,0.548,0.338
544,13319,0.039,0.062,0.141,0.224,0.534,0.325
545,13321,0.069,0.056,0.083,0.187,0.605,0.312
546,15001,0.01,0.032,0.037,0.122,0.799,0.164
547,15003,0.011,0.012,0.027,0.151,0.798,0.174
548,15005,0.026,0.013,0.032,0.08,0.85,0.119
549,15007,0.0,0.021,0.046,0.108,0.825,0.129
550,15009,0.034,0.016,0.025,0.122,0.803,0.172
551,16001,0.118,0.078,0.084,0.194,0.526,0.39
552,16003,0.094,0.216,0.218,0.218,0.254,0.528
553,16005,0.084,0.193,0.176,0.195,0.352,0.472
554,16007,0.151,0.12,0.102,0.243,0.385,0.514
555,16009,0.038,0.059,0.15,0.152,0.601,0.249
556,16011,0.095,0.197,0.175,0.229,0.304,0.521
557,16013,0.155,0.107,0.102,0.13,0.506,0.392
558,16015,0.057,0.038,0.038,0.549,0.318,0.569
559,16017,0.088,0.116,0.119,0.241,0.436,0.445
560,16019,0.096,0.202,0.188,0.247,0.268,0.545
561,16021,0.045,0.171,0.061,0.185,0.537,0.401
562,16023,0.107,0.213,0.159,0.222,0.298,0.542
563,16025,0.186,0.03,0.047,0.098,0.639,0.314
564,16027,0.113,0.095,0.17,0.24,0.381,0.448
565,16029,0.1,0.181,0.191,0.202,0.326,0.483
566,16031,0.134,0.223,0.102,0.149,0.392,0.506
567,16033,0.119,0.228,0.196,0.239,0.218,0.569
568,16035,0.037,0.112,0.127,0.25,0.475,0.399
569,16037,0.069,0.029,0.199,0.244,0.458,0.342
570,16039,0.206,0.044,0.038,0.173,0.539,0.423
571,16041,0.131,0.118,0.085,0.256,0.41,0.505
572,16043,0.111,0.206,0.202,0.247,0.233,0.564
573,16045,0.119,0.136,0.111,0.198,0.436,0.453
574,16047,0.211,0.202,0.089,0.153,0.345,0.566
575,16049,0.045,0.094,0.164,0.275,0.423,0.414
576,16051,0.099,0.208,0.192,0.249,0.252,0.556
577,16053,0.175,0.219,0.096,0.167,0.343,0.561
578,16055,0.146,0.105,0.17,0.22,0.359,0.471
579,16057,0.002,0.012,0.066,0.328,0.592,0.342
580,16059,0.109,0.173,0.231,0.125,0.362,0.407
581,16061,0.027,0.073,0.157,0.285,0.459,0.385
582,16063,0.18,0.2,0.105,0.135,0.379,0.515
583,16065,0.101,0.207,0.196,0.25,0.245,0.558
584,16067,0.134,0.219,0.106,0.152,0.39,0.505
585,16069,0.009,0.03,0.117,0.326,0.517,0.365
586,16071,0.083,0.173,0.153,0.185,0.406,0.441
587,16073,0.123,0.137,0.146,0.171,0.423,0.431
588,16075,0.081,0.199,0.174,0.242,0.304,0.522
589,16077,0.078,0.205,0.152,0.185,0.381,0.468
590,16079,0.068,0.144,0.299,0.147,0.342,0.359
591,16081,0.099,0.189,0.19,0.25,0.272,0.538
592,16083,0.166,0.222,0.101,0.177,0.335,0.565
593,16085,0.041,0.118,0.102,0.378,0.361,0.537
594,16087,0.136,0.13,0.324,0.172,0.239,0.438
595,17001,0.18,0.092,0.189,0.19,0.35,0.462
596,17003,0.11,0.082,0.148,0.262,0.398,0.454
597,17005,0.07,0.055,0.108,0.218,0.549,0.343
598,17007,0.025,0.006,0.065,0.244,0.66,0.275
599,17009,0.18,0.099,0.136,0.2,0.385,0.479
600,17011,0.012,0.019,0.156,0.208,0.605,0.239
601,17013,0.082,0.06,0.219,0.366,0.273,0.508
602,17015,0.03,0.064,0.12,0.19,0.596,0.284
603,17017,0.103,0.08,0.19,0.187,0.441,0.37
604,17019,0.0,0.067,0.08,0.192,0.661,0.259
605,17021,0.059,0.057,0.091,0.19,0.603,0.306
606,17023,0.127,0.089,0.107,0.226,0.451,0.442
607,17025,0.062,0.115,0.145,0.306,0.372,0.483
608,17027,0.102,0.063,0.083,0.166,0.587,0.331
609,17029,0.112,0.055,0.201,0.221,0.411,0.388
610,17031,0.023,0.021,0.072,0.162,0.722,0.206
611,17033,0.146,0.196,0.047,0.219,0.392,0.561
612,17035,0.095,0.075,0.194,0.212,0.424,0.382
613,17037,0.007,0.012,0.034,0.191,0.756,0.21
614,17039,0.035,0.106,0.073,0.28,0.507,0.421
615,17041,0.048,0.061,0.105,0.191,0.594,0.3
616,17043,0.01,0.01,0.056,0.163,0.76,0.183
617,17045,0.174,0.09,0.131,0.208,0.398,0.472
618,17047,0.086,0.148,0.233,0.306,0.228,0.54
619,17049,0.072,0.072,0.214,0.232,0.41,0.376
620,17051,0.069,0.076,0.156,0.229,0.47,0.374
621,17053,0.011,0.082,0.167,0.172,0.567,0.265
622,17055,0.099,0.166,0.119,0.211,0.405,0.476
623,17057,0.016,0.03,0.311,0.199,0.444,0.245
624,17059,0.201,0.06,0.128,0.238,0.373,0.499
625,17061,0.136,0.029,0.109,0.217,0.508,0.382
626,17063,0.056,0.056,0.105,0.183,0.599,0.295
627,17065,0.138,0.179,0.1,0.21,0.373,0.527
628,17067,0.147,0.154,0.125,0.163,0.411,0.464
629,17069,0.163,0.072,0.235,0.191,0.34,0.426
630,17071,0.096,0.044,0.101,0.155,0.604,0.295
631,17073,0.067,0.072,0.061,0.203,0.597,0.342
632,17075,0.097,0.168,0.069,0.242,0.424,0.507
633,17077,0.066,0.078,0.151,0.209,0.496,0.353
634,17079,0.099,0.135,0.131,0.254,0.38,0.488
635,17081,0.122,0.126,0.08,0.279,0.393,0.527
636,17083,0.074,0.079,0.124,0.185,0.537,0.338
637,17085,0.034,0.104,0.22,0.178,0.465,0.316
638,17087,0.124,0.05,0.189,0.141,0.496,0.315
639,17089,0.013,0.026,0.048,0.165,0.748,0.204
640,17091,0.044,0.084,0.096,0.249,0.527,0.377
641,17093,0.001,0.009,0.065,0.136,0.788,0.146
642,17095,0.035,0.031,0.194,0.246,0.494,0.312
643,17097,0.02,0.018,0.046,0.146,0.769,0.184
644,17099,0.018,0.046,0.113,0.267,0.556,0.331
645,17101,0.197,0.157,0.105,0.281,0.26,0.569
646,17103,0.013,0.054,0.058,0.224,0.65,0.291
647,17105,0.03,0.147,0.08,0.234,0.51,0.411
648,17107,0.046,0.045,0.23,0.128,0.551,0.219
649,17109,0.041,0.091,0.097,0.182,0.59,0.314
650,17111,0.03,0.012,0.066,0.176,0.716,0.218
651,17113,0.085,0.062,0.091,0.201,0.561,0.348
652,17115,0.016,0.062,0.088,0.286,0.549,0.364
653,17117,0.015,0.05,0.147,0.227,0.561,0.292
654,17119,0.035,0.045,0.083,0.189,0.648,0.269
655,17121,0.1,0.093,0.101,0.302,0.404,0.495
656,17123,0.048,0.083,0.133,0.198,0.538,0.329
657,17125,0.238,0.031,0.292,0.126,0.313,0.395
658,17127,0.097,0.043,0.232,0.256,0.373,0.396
659,17129,0.102,0.047,0.138,0.172,0.54,0.321
660,17131,0.039,0.066,0.11,0.215,0.571,0.32
661,17133,0.003,0.04,0.112,0.174,0.67,0.217
662,17135,0.018,0.05,0.091,0.316,0.525,0.384
663,17137,0.05,0.062,0.177,0.178,0.533,0.29
664,17139,0.081,0.073,0.213,0.243,0.39,0.397
665,17141,0.053,0.045,0.129,0.184,0.589,0.282
666,17143,0.039,0.036,0.096,0.251,0.577,0.326
667,17145,0.055,0.092,0.104,0.358,0.392,0.505
668,17147,0.003,0.052,0.06,0.198,0.688,0.253
669,17149,0.138,0.079,0.218,0.205,0.36,0.422
670,17151,0.104,0.054,0.213,0.214,0.415,0.372
671,17153,0.117,0.064,0.189,0.225,0.405,0.406
672,17155,0.021,0.025,0.168,0.251,0.535,0.297
673,17157,0.008,0.032,0.117,0.391,0.452,0.431
674,17159,0.111,0.151,0.107,0.3,0.331,0.562
675,17161,0.078,0.025,0.066,0.235,0.596,0.338
676,17163,0.032,0.027,0.037,0.138,0.767,0.197
677,17165,0.117,0.106,0.111,0.204,0.462,0.427
678,17167,0.017,0.03,0.155,0.233,0.564,0.28
679,17169,0.132,0.1,0.152,0.198,0.417,0.43
680,17171,0.113,0.057,0.148,0.162,0.52,0.332
681,17173,0.07,0.047,0.168,0.245,0.469,0.362
682,17175,0.013,0.101,0.058,0.155,0.672,0.269
683,17177,0.036,0.059,0.041,0.222,0.644,0.317
684,17179,0.044,0.04,0.141,0.215,0.56,0.299
685,17181,0.1,0.078,0.162,0.195,0.466,0.373
686,17183,0.023,0.119,0.088,0.266,0.504,0.408
687,17185,0.078,0.113,0.271,0.325,0.212,0.516
688,17187,0.042,0.02,0.141,0.276,0.522,0.338
689,17189,0.118,0.046,0.053,0.327,0.456,0.491
690,17191,0.086,0.142,0.128,0.3,0.345,0.528
691,17193,0.19,0.144,0.095,0.239,0.332,0.569
692,17195,0.025,0.066,0.042,0.218,0.649,0.309
693,17197,0.041,0.024,0.062,0.134,0.739,0.199
694,17199,0.095,0.122,0.136,0.183,0.464,0.4
695,17201,0.031,0.03,0.089,0.193,0.657,0.254
696,17203,0.062,0.067,0.112,0.242,0.517,0.371
697,18001,0.136,0.047,0.16,0.348,0.309,0.531
698,18003,0.07,0.14,0.099,0.228,0.464,0.438
699,18005,0.138,0.084,0.085,0.286,0.406,0.508
700,18007,0.082,0.126,0.112,0.183,0.496,0.391
701,18009,0.093,0.152,0.106,0.203,0.447,0.448
702,18011,0.052,0.085,0.142,0.308,0.413,0.445
703,18013,0.055,0.061,0.041,0.184,0.66,0.3
704,18015,0.059,0.104,0.17,0.22,0.447,0.383
705,18017,0.037,0.192,0.283,0.206,0.283,0.435
706,18019,0.068,0.06,0.141,0.228,0.501,0.356
707,18021,0.122,0.073,0.112,0.226,0.466,0.421
708,18023,0.088,0.033,0.132,0.285,0.462,0.406
709,18025,0.067,0.089,0.118,0.261,0.465,0.417
710,18027,0.049,0.061,0.13,0.214,0.546,0.324
711,18029,0.083,0.1,0.168,0.277,0.371,0.46
712,18031,0.175,0.083,0.101,0.204,0.437,0.462
713,18033,0.109,0.074,0.118,0.149,0.55,0.332
714,18035,0.095,0.109,0.124,0.197,0.475,0.401
715,18037,0.01,0.105,0.086,0.25,0.55,0.365
716,18039,0.03,0.097,0.094,0.252,0.528,0.379
717,18041,0.161,0.041,0.048,0.237,0.514,0.439
718,18043,0.053,0.086,0.154,0.233,0.474,0.372
719,18045,0.077,0.089,0.147,0.212,0.474,0.378
720,18047,0.07,0.082,0.104,0.199,0.545,0.351
721,18049,0.142,0.114,0.128,0.217,0.399,0.473
722,18051,0.09,0.1,0.204,0.255,0.351,0.445
723,18053,0.053,0.108,0.133,0.311,0.393,0.472
724,18055,0.099,0.027,0.081,0.235,0.558,0.361
725,18057,0.07,0.051,0.049,0.234,0.596,0.355
726,18059,0.068,0.04,0.166,0.306,0.42,0.414
727,18061,0.094,0.084,0.205,0.258,0.359,0.436
728,18063,0.054,0.052,0.113,0.257,0.523,0.363
729,18065,0.183,0.148,0.125,0.111,0.434,0.442
730,18067,0.008,0.083,0.183,0.301,0.426,0.392
731,18069,0.15,0.182,0.053,0.199,0.416,0.531
732,18071,0.097,0.098,0.105,0.388,0.312,0.569
733,18073,0.186,0.1,0.065,0.328,0.321,0.569
734,18075,0.141,0.139,0.157,0.235,0.328,0.515
735,18077,0.083,0.219,0.218,0.225,0.255,0.527
736,18079,0.095,0.105,0.172,0.308,0.319,0.508
737,18081,0.057,0.094,0.1,0.192,0.557,0.343
738,18083,0.158,0.125,0.121,0.259,0.338,0.542
739,18085,0.073,0.147,0.089,0.195,0.496,0.415
740,18087,0.059,0.082,0.171,0.236,0.452,0.377
741,18089,0.043,0.057,0.088,0.219,0.592,0.319
742,18091,0.084,0.075,0.168,0.206,0.466,0.365
743,18093,0.092,0.117,0.109,0.191,0.491,0.4
744,18095,0.062,0.084,0.15,0.145,0.559,0.291
745,18097,0.051,0.053,0.116,0.232,0.548,0.336
746,18099,0.12,0.103,0.159,0.229,0.389,0.452
747,18101,0.041,0.064,0.123,0.223,0.55,0.328
748,18103,0.054,0.125,0.253,0.226,0.343,0.405
749,18105,0.037,0.037,0.094,0.242,0.591,0.316
750,18107,0.07,0.116,0.168,0.156,0.49,0.342
751,18109,0.06,0.131,0.136,0.188,0.485,0.379
752,18111,0.102,0.153,0.092,0.338,0.316,0.569
753,18113,0.057,0.11,0.135,0.197,0.5,0.364
754,18115,0.06,0.078,0.18,0.223,0.459,0.361
755,18117,0.096,0.086,0.073,0.315,0.43,0.497
756,18119,0.094,0.038,0.087,0.282,0.5,0.414
757,18121,0.116,0.111,0.174,0.195,0.405,0.422
758,18123,0.01,0.109,0.087,0.252,0.542,0.371
759,18125,0.052,0.089,0.163,0.2,0.495,0.341
760,18127,0.05,0.1,0.108,0.231,0.512,0.381
761,18129,0.132,0.056,0.115,0.226,0.472,0.414
762,18131,0.135,0.219,0.171,0.253,0.223,0.569
763,18133,0.075,0.162,0.204,0.194,0.366,0.431
764,18135,0.128,0.13,0.228,0.179,0.336,0.437
765,18137,0.054,0.074,0.15,0.294,0.429,0.422
766,18139,0.133,0.118,0.063,0.279,0.408,0.53
767,18141,0.031,0.04,0.102,0.228,0.598,0.299
768,18143,0.036,0.073,0.168,0.263,0.46,0.372
769,18145,0.16,0.057,0.177,0.193,0.413,0.41
770,18147,0.017,0.134,0.104,0.216,0.529,0.367
771,18149,0.177,0.151,0.088,0.219,0.365,0.547
772,18151,0.04,0.089,0.17,0.169,0.532,0.298
773,18153,0.127,0.071,0.077,0.207,0.517,0.405
774,18155,0.089,0.125,0.209,0.234,0.344,0.448
775,18157,0.093,0.083,0.102,0.204,0.518,0.38
776,18159,0.033,0.082,0.089,0.444,0.352,0.559
777,18161,0.095,0.053,0.106,0.178,0.569,0.326
778,18163,0.07,0.039,0.115,0.234,0.542,0.343
779,18165,0.113,0.105,0.134,0.223,0.426,0.441
780,18167,0.118,0.064,0.102,0.25,0.466,0.432
781,18169,0.07,0.11,0.237,0.202,0.381,0.382
782,18171,0.079,0.115,0.092,0.223,0.492,0.417
783,18173,0.045,0.038,0.117,0.252,0.548,0.335
784,18175,0.097,0.074,0.062,0.356,0.411,0.527
785,18177,0.162,0.09,0.138,0.261,0.348,0.513
786,18179,0.205,0.05,0.077,0.337,0.332,0.569
787,18181,0.056,0.177,0.194,0.189,0.384,0.422
788,18183,0.061,0.186,0.132,0.16,0.46,0.407
789,19001,0.073,0.128,0.128,0.307,0.364,0.508
790,19003,0.148,0.11,0.15,0.311,0.281,0.569
791,19005,0.138,0.049,0.132,0.212,0.469,0.399
792,19007,0.044,0.11,0.239,0.193,0.413,0.347
793,19009,0.224,0.073,0.194,0.187,0.322,0.484
794,19011,0.098,0.067,0.13,0.2,0.504,0.365
795,19013,0.032,0.053,0.18,0.289,0.447,0.374
796,19015,0.09,0.08,0.1,0.197,0.533,0.367
797,19017,0.048,0.062,0.197,0.268,0.424,0.378
798,19019,0.021,0.124,0.087,0.394,0.373,0.539
799,19021,0.183,0.062,0.26,0.207,0.288,0.452
800,19023,0.052,0.094,0.208,0.23,0.417,0.376
801,19025,0.212,0.117,0.213,0.153,0.304,0.482
802,19027,0.153,0.11,0.241,0.139,0.358,0.402
803,19029,0.341,0.07,0.124,0.238,0.227,0.569
804,19031,0.026,0.096,0.142,0.355,0.381,0.477
805,19033,0.061,0.365,0.146,0.213,0.215,0.569
806,19035,0.183,0.105,0.221,0.182,0.309,0.47
807,19037,0.075,0.136,0.197,0.236,0.356,0.447
808,19039,0.078,0.167,0.143,0.194,0.418,0.439
809,19041,0.224,0.035,0.112,0.189,0.441,0.448
810,19043,0.123,0.084,0.137,0.284,0.371,0.491
811,19045,0.092,0.13,0.079,0.269,0.43,0.491
812,19047,0.089,0.045,0.141,0.064,0.66,0.198
813,19049,0.036,0.102,0.118,0.26,0.485,0.398
814,19051,0.038,0.101,0.249,0.201,0.411,0.34
815,19053,0.248,0.132,0.258,0.068,0.294,0.448
816,19055,0.035,0.137,0.137,0.408,0.283,0.569
817,19057,0.135,0.081,0.109,0.122,0.553,0.338
818,19059,0.276,0.027,0.091,0.173,0.433,0.476
819,19061,0.037,0.155,0.189,0.189,0.43,0.381
820,19063,0.241,0.083,0.067,0.181,0.428,0.505
821,19065,0.054,0.075,0.128,0.349,0.394,0.478
822,19067,0.063,0.271,0.148,0.25,0.268,0.569
823,19069,0.088,0.278,0.187,0.186,0.261,0.552
824,19071,0.048,0.061,0.071,0.209,0.611,0.318
825,19073,0.116,0.141,0.235,0.153,0.354,0.41
826,19075,0.038,0.042,0.203,0.238,0.48,0.318
827,19077,0.162,0.073,0.143,0.283,0.34,0.518
828,19079,0.143,0.118,0.129,0.153,0.457,0.414
829,19081,0.08,0.384,0.146,0.174,0.216,0.569
830,19083,0.074,0.075,0.195,0.214,0.441,0.363
831,19085,0.118,0.044,0.094,0.178,0.565,0.34
832,19087,0.123,0.142,0.091,0.183,0.461,0.448
833,19089,0.077,0.151,0.176,0.183,0.413,0.411
834,19091,0.243,0.268,0.147,0.102,0.24,0.569
835,19093,0.153,0.094,0.246,0.128,0.38,0.375
836,19095,0.027,0.149,0.135,0.239,0.45,0.415
837,19097,0.032,0.096,0.229,0.232,0.411,0.36
838,19099,0.102,0.105,0.233,0.212,0.347,0.419
839,19101,0.074,0.116,0.221,0.191,0.398,0.381
840,19103,0.014,0.044,0.069,0.2,0.673,0.258
841,19105,0.04,0.105,0.165,0.336,0.355,0.481
842,19107,0.035,0.126,0.287,0.28,0.272,0.441
843,19109,0.135,0.318,0.101,0.173,0.272,0.569
844,19111,0.17,0.146,0.131,0.161,0.392,0.477
845,19113,0.039,0.081,0.115,0.201,0.563,0.321
846,19115,0.097,0.058,0.15,0.214,0.482,0.369
847,19117,0.032,0.204,0.196,0.185,0.384,0.421
848,19119,0.078,0.173,0.157,0.247,0.344,0.498
849,19121,0.01,0.102,0.136,0.268,0.484,0.38
850,19123,0.069,0.067,0.294,0.283,0.287,0.419
851,19125,0.053,0.049,0.209,0.26,0.429,0.362
852,19127,0.077,0.064,0.153,0.226,0.48,0.367
853,19129,0.064,0.084,0.091,0.281,0.481,0.429
854,19131,0.046,0.282,0.149,0.26,0.263,0.569
855,19133,0.078,0.069,0.087,0.127,0.64,0.274
856,19135,0.034,0.078,0.256,0.247,0.385,0.359
857,19137,0.218,0.034,0.084,0.378,0.286,0.569
858,19139,0.12,0.022,0.221,0.273,0.364,0.415
859,19141,0.173,0.054,0.267,0.187,0.319,0.414
860,19143,0.195,0.051,0.233,0.199,0.322,0.445
861,19145,0.088,0.053,0.068,0.31,0.481,0.451
862,19147,0.199,0.116,0.088,0.179,0.419,0.494
863,19149,0.125,0.145,0.166,0.162,0.402,0.432
864,19151,0.214,0.124,0.162,0.165,0.335,0.503
865,19153,0.044,0.089,0.136,0.259,0.473,0.392
866,19155,0.115,0.083,0.147,0.264,0.39,0.462
867,19157,0.121,0.145,0.187,0.164,0.383,0.43
868,19159,0.144,0.138,0.281,0.162,0.275,0.444
869,19161,0.18,0.071,0.286,0.159,0.303,0.41
870,19163,0.075,0.027,0.126,0.277,0.494,0.379
871,19165,0.099,0.059,0.182,0.145,0.516,0.303
872,19167,0.12,0.06,0.285,0.2,0.335,0.38
873,19169,0.045,0.075,0.071,0.235,0.574,0.355
874,19171,0.066,0.053,0.209,0.181,0.491,0.3
875,19173,0.09,0.151,0.185,0.282,0.292,0.523
876,19175,0.03,0.125,0.172,0.21,0.462,0.365
877,19177,0.107,0.128,0.175,0.218,0.372,0.453
878,19179,0.034,0.082,0.293,0.221,0.37,0.337
879,19181,0.055,0.182,0.181,0.245,0.337,0.482
880,19183,0.035,0.102,0.123,0.151,0.589,0.288
881,19185,0.138,0.148,0.252,0.12,0.342,0.406
882,19187,0.209,0.167,0.161,0.101,0.362,0.477
883,19189,0.07,0.329,0.176,0.197,0.228,0.569
884,19191,0.122,0.044,0.151,0.177,0.505,0.343
885,19193,0.113,0.165,0.137,0.16,0.425,0.438
886,19195,0.072,0.271,0.175,0.231,0.251,0.569
887,19197,0.172,0.299,0.173,0.125,0.232,0.569
888,20001,0.153,0.212,0.126,0.167,0.341,0.532
889,20003,0.189,0.063,0.137,0.267,0.344,0.519
